85 249
78 232
93 270
72 136
190 231
43 171
136 190
125 229
19 67
67 107
86 127
77 149
55 207
184 369
156 328
57 116
45 207
104 202
1 187
135 152
125 217
176 366
89 288
197 260
172 328
111 305
31 227
171 172
127 304
157 297
79 208
147 241
17 180
142 306
191 369
63 202
120 144
188 356
24 103
183 346
91 241
194 226
175 200
45 59
184 350
124 124
33 169
124 180
50 109
104 274
29 166
177 298
102 106
11 184
195 253
129 146
61 92
42 103
7 170
97 131
169 360
180 213
118 206
90 182
187 359
141 266
87 96
42 87
114 303
45 113
17 32
163 260
56 175
59 212
55 191
116 218
177 361
18 120
100 252
40 228
175 312
143 272
93 109
56 191
18 112
52 211
72 156
89 129
5 97
137 219
177 305
58 79
101 246
147 265
93 162
31 145
181 269
156 227
38 199
157 303
22 94
36 211
183 342
133 275
23 118
149 249
136 259
82 181
140 245
138 199
137 160
114 255
165 291
87 216
134 296
78 87
170 269
55 242
169 266
12 40
102 118
128 218
60 186
98 175
1 17
95 152
173 290
138 237
10 99
176 367
90 290
178 215
8 161
156 198
92 260
61 128
122 211
123 204
170 295
4 7
70 82
155 264
91 140
197 387
117 190
98 238
25 57
93 190
120 214
83 118
10 81
185 362
138 295
191 354
18 101
183 343
166 198
62 117
46 102
81 89
160 202
139 152
79 241
128 175
177 357
124 150
195 286
7 184
183 192
50 229
58 172
75 175
106 210
129 313
92 114
21 69
68 244
158 268
53 235
126 170
27 93
35 141
87 214
197 336
63 159
56 150
108 273
129 189
110 269
55 127
4 102
168 254
80 255
91 282
94 206
20 199
37 221
192 219
67 139
57 114
